1165 1702.5559936048883
1314 1590.775788326642
1759 857.1899764250264
1828 846.3502864952935
3444 712.9387602670456
4 710.0387582626622
2949 708.0125767502894
651 646.0077100179667
830 626.8974116979556
3487 517.4905318462202
2483 505.11535270482517
2940 487.2347006769525
3099 437.3010874184237
2459 416.28826096863764
3011 390.49370905234696
431 330.1106935217904
1471 322.5658819650077
3486 313.65937209586014
3071 285.29981695721483
3488 280.15968303578927
1793 278.662366596516
1005 271.5582737001019
1114 214.7108333808644
169 205.81677186394285
3265 195.61553640744268
2950 191.47349671267347
3244 184.984867512322
591 184.71653172862543
1734 178.62892780204007
698 178.53127895946224
